9.000000000000000222e-01
9.000000000000000222e-01
9.000000000000000222e-01
9.000000000000000222e-01
8.999999999999999112e-01
9.000003123374327174e-01
9.000000000000000222e-01
8.999996529573242032e-01
9.000000000000000222e-01
9.000001526983322231e-01
9.000000000000000222e-01
8.999996529573242032e-01
nan
nan
nan
nan
6.999999999999999556e-01
6.999999999999999556e-01
6.999999999999999556e-01
7.000000000000000666e-01
7.000000000000000666e-01
7.000003643937348086e-01
6.999999999999999556e-01
7.000005949300064367e-01
6.999999999999999556e-01
6.999996564278343492e-01
7.000008834676695324e-01
7.000005949300064367e-01
nan
nan
nan
nan
nan
nan
nan
nan
nan
nan
nan
nan
nan
nan
nan
nan
8.000000000000000444e-01
8.000003023118543721e-01
8.000000000000000444e-01
7.999999999999999334e-01
nan
nan
nan
nan
nan
nan
nan
nan
nan
nan
nan
nan
9.999999999999999167e-02
1.000000000000000056e-01
1.000001215156894885e-01
9.999988221589589665e-02
9.000000000000000222e-01
9.000000000000000222e-01
9.000000000000001332e-01
9.000000000000000222e-01
9.000000000000000222e-01
9.000000000000000222e-01
8.999999999999999112e-01
9.000000000000000222e-01
9.000000000000000222e-01
9.000000000000000222e-01
9.000000000000000222e-01
9.000000000000000222e-01
nan
nan
nan
nan
7.000000000000000666e-01
6.999999999999999556e-01
6.999999999999999556e-01
7.000000000000000666e-01
6.999999999999999556e-01
6.999999999999999556e-01
6.999999999999999556e-01
6.999999999999999556e-01
6.999999999999999556e-01
7.000000000000000666e-01
6.999999999999999556e-01
6.999999999999999556e-01
nan
nan
nan
nan
nan
nan
nan
nan
nan
nan
nan
nan
nan
nan
nan
nan
7.999999999999999334e-01
8.000004773343738496e-01
7.999997015399791245e-01
7.999999999999999334e-01
nan
nan
nan
nan
nan
nan
nan
nan
nan
nan
nan
nan
1.000000000000000056e-01
1.000001790011378483e-01
9.999980813298686710e-02
9.999987601681706306e-02
9.999999999999999167e-02
9.999999999999999167e-02
9.999999999999999167e-02
1.000000000000000056e-01
9.999999999999999167e-02
9.999968766256728259e-02
1.000000000000000056e-01
1.000003470426758384e-01
1.000000000000000056e-01
9.999984730166776303e-02
9.999999999999999167e-02
1.000003470426758384e-01
nan
nan
nan
nan
2.999999999999999334e-01
2.999999999999999889e-01
2.999999999999999889e-01
2.999999999999999889e-01
2.999999999999999889e-01
2.999996356062653025e-01
2.999999999999999889e-01
2.999994050699935078e-01
2.999999999999999889e-01
3.000003435721656508e-01
2.999991165323305231e-01
2.999994050699935078e-01
nan
nan
nan
nan
nan
nan
nan
nan
nan
nan
nan
nan
nan
nan
nan
nan
2.000000000000000111e-01
1.999996976881456834e-01
2.000000000000000111e-01
1.999999999999999833e-01
nan
nan
nan
nan
nan
nan
nan
nan
nan
nan
nan
nan
8.999999999999999112e-01
8.999999999999999112e-01
8.999998784843104005e-01
9.000001177841040478e-01
9.999999999999999167e-02
1.000000000000000056e-01
1.000000000000000056e-01
9.999999999999999167e-02
1.000000000000000194e-01
9.999999999999999167e-02
9.999999999999999167e-02
1.000000000000000056e-01
1.000000000000000056e-01
1.000000000000000056e-01
1.000000000000000056e-01
1.000000000000000056e-01
nan
nan
nan
nan
2.999999999999999889e-01
2.999999999999999889e-01
2.999999999999999889e-01
2.999999999999999889e-01
3.000000000000000444e-01
2.999999999999999889e-01
2.999999999999999889e-01
2.999999999999999889e-01
2.999999999999999889e-01
3.000000000000000444e-01
2.999999999999999889e-01
2.999999999999999889e-01
nan
nan
nan
nan
nan
nan
nan
nan
nan
nan
nan
nan
nan
nan
nan
nan
1.999999999999999833e-01
1.999995226656260672e-01
2.000002984600209310e-01
1.999999999999999833e-01
nan
nan
nan
nan
nan
nan
nan
nan
nan
nan
nan
nan
9.000000000000000222e-01
8.999998209988622211e-01
9.000001918670131884e-01
9.000001239831828537e-01
